Dat 	 	STORAGE_AF 	 	RAIN_IN 	 	LK_EVAP_AF 	 
10/2000		2941357	 	 		5429	
11/2000		2885680	 	 		2440	
12/2000		2910875	 	 		2450	
01/2001		3035294		 		2942	
02/2001		3495969		 		2164	
03/2001		3955799		 		6417	
04/2001		4020071		 		8351	
05/2001		3782524		 		16949	
06/2001		3283078		 		15541	
07/2001		2716074		 		15543	
08/2001		2389562		 		13375	
09/2001		2199643		 		9223	
10/2001		2167051		2.87		6637	
11/2001		2284384		18.63		333	
12/2001		2986262		20.05		532	
01/2002		3516585		6.10		956	
02/2002		3839544		5.21		4078	
03/2002		4136151		4.71		6300	
04/2002		4296717		1.78		8848	
05/2002		4121856		2.67		13781	
06/2002		3678844		0.28		17982	
07/2002		3102924		0.00		18714	
08/2002		2758417		0.00		13841	
09/2002		2558201		0.00		11346	
10/2002		2414071		0.00		7075	
11/2002		2334938		5.22		4225	
12/2002		3223197		37.82	 	1730	
01/2003		3536772		6.79	 	2033	
02/2003		3584283		2.99	 	2870	
03/2003		4103708		7.37		4681	
04/2003		4536624		12.02	 	5451	
05/2003		4435987		1.21	 	11520	
06/2003		4088097		0.00		18554	
07/2003		3547162		0.10		18718	
08/2003		3258552		1.47		13260	
09/2003		3159376	 	0.15		12409	
10/2003		3090889		0.00	 	8696	
11/2003		3090196		10.75		2745	
12/2003		3345962	 	19.70	 	2533	
01/2004		3606500		7.38	 	1408	
02/2004		3868600		19.40		2678	
03/2004		3905184		4.24		7043	
04/2004		4059792		2.91		9584	
05/2004		3863800		0.77	 	11980	
06/2004		3360818		0.60	 	15826	
07/2004		2802297	 	0.00		15882	
08/2004		2410369		0.00		12236	
09/2004		2182851		0.02	 	8771	
10/2004		2158914		7.31	 	4346	
11/2004		2124248		1.83		2489	
12/2004		2417193		18.12		2339	
01/2005		2832031		6.93	 	2160	
02/2005		3168056		5.96		3043	
03/2005		3827041		10.39	 	4893	
04/2005		4207234		3.60	 	7073	
05/2005		4467986		9.80		9862	
06/2005		4217184		1.90		13579	
07/2005		3639214		0.00		18679	
08/2005		3271767		0.00		15043	
09/2005		3034837		0.00		10588	
10/2005		2855374		0.95		6000	
11/2005		2896041		9.53		3404	
12/2005		3754767		22.84		3433	
01/2006		3586074		14.08		3025	
02/2006		3834224		8.21		4465	
03/2006		3853900		16.67		3521	
04/2006		4057305		13.72		7535	
05/2006		4467101		1.30		13650	
06/2006		4249102		0.55		15709	
07/2006		3784113		0.00		20023	
08/2006		3377701		0.00		14476	
09/2006		3205145		0.00		11514	
10/2006		3119405		0.24		6807	
11/2006		3127097		6.98		2313	
12/2006		3334767		11.69		2598	
01/2007		3374275		1.25		3059	
02/2007		3772193		12.81		2428	
03/2007		4010994		0.77	 	6181	
04/2007		3901137		3.02		8721	
05/2007		3601174		0.88		13172	
06/2007		3140631		0.12		15039	
07/2007		2559821		2.68		14329	
08/2007		2133899		0.01		10897	
09/2007		1879144		0.00		6647	
10/2007		1800690		4.16	 	3467	
11/2007		1729679		0.60	 	2660	
12/2007		1784100		10.24	 	1995	
01/2008		2179031		16.69	 	1882	
02/2008		2641041		10.52		2765	
03/2008		2990558		0.28	 	4905	
04/2008		2954112		0.76	 	8271	
05/2008		2806832		1.13		10600	
06/2008		2402186		0.08		12738	
07/2008		1905819		0.00		11225	
08/2008		1570784		0.00		10378	
09/2008		1384481		0.00		6992	
10/2008		1282770		4.43		3898	
11/2008		1331169		4.01		1718	
12/2008		1361975		4.33		1043	
01/2009		1416145		0.52		1987	
02/2009		1960458		20.77		1997	
03/2009		2880614		8.43		4009	
04/2009		2998247		3.31		7942	
05/2009		3118941		7.45		11520	
06/2009		2797114		2.35		11286	
07/2009		2325795		0.00		13906	
08/2009		1936123		0.00		10907	
09/2009		1773947		0.02		7631	
10/2009		1707930		8.13		5338	
11/2009		1673687		1.36		2610	
12/2009		1777112		6.62		1466	
01/2010		2596882		21.78		3031	
02/2010		3380147		12.02		3287	
03/2010		3868648		5.24	 	5877	
04/2010		4390774		10.39		6563	
05/2010		4464744		3.80	 	11203	
06/2010		4279177		0.54		14858	
07/2010		3841140		0.00		19861	
08/2010		3491704		0.29		15245	
09/2010		3318779		0.48		9874	
10/2010		3272489		7.07		5625	
11/2010		3224150		9.02		2940	
12/2010		3489195		14.63		1783	
01/2011		3490198		1.87	 	3116	
02/2011		3784113		6.24		4284	
03/2011		4032173		18.75	 	4106	
04/2011		4266264		2.06	 	7333	
05/2011		4486848		4.57		10711	
06/2011		4401530		4.29		12448	
07/2011		4034923		0.28		16600	
08/2011		3619135		0.00		16128	
09/2011		3341094		0.17		11310	
10/2011		3226770		3.99		5994	
11/2011		3150229		3.59		3380	
12/2011		3094584		0.69		3848	
01/2012		3107334		7.60		3356	
02/2012		3169235		2.85		3477	
03/2012		3853414		19.28		3826	
04/2012		4440094		5.33		8067	
05/2012		4299311		0.60		14569	
06/2012		3880716		0.49		15830	
07/2012		3271045		0.06	 	16253	
08/2012		2794523		0.00		14416	
09/2012		2591560		0.00		10324	
10/2012		2466130		1.59		5685	
11/2012		2564273		15.62		3642	
12/2012		3318052		19.66		3814	
01/2013		3473687		0.88		4086	
02/2013		3610647		0.72	 	4717	
03/2013		3771133		4.47	 	4510	
04/2013		3788352		1.84		10033	
05/2013		3362531		0.54		11530	
06/2013		2938227		3.57		15912	
07/2013		2433819		0.00		14019	
08/2013		2101287		0.00		10205	
09/2013		1905985		2.12		7057	
10/2013		1744200		0.03		4132	
11/2013		1695999		2.52		2832	
12/2013		1673380		0.32	 	1688	
01/2014		1655800		0.48	 	3013	
02/2014		1773314		12.25	 	2590	
03/2014		2198728		12.78		2969	
04/2014		2408810		2.18		5482	
05/2014		2177212		0.20		10152	
06/2014		1851266		0.00		11155	
07/2014		1575037		0.02		11532	
08/2014		1342087		0.45		8694	
09/2014		1157084		2.54		5837	
10/2014		1108846		4.97		3074	
11/2014		1047922		4.99		1367	
12/2014		1867305		22.87		1057	
01/2015		2000830		0.96	 	2585	
02/2015		2612715		11.14		2947	
03/2015		2689083		1.53		5167	
04/2015		2662479		2.07		7607	
05/2015		2404134		1.33		9404	
06/2015		2198180		0.00		12105	
07/2015		1990340		0.41		11407	
08/2015		1788558		0.50		9755	
09/2015		1602500		1.18		6466	
10/2015		1416282		0.52		4118	
11/2015		1328945		2.06		1573	
12/2015		1427251		13.04		920	
01/2016		2346025		23.30		1150	
02/2016		2766120		3.08		2608	
03/2016		4026672		17.17		4810	
04/2016		4233111		1.77	 	8353	
05/2016		4167076		2.39		10255	
06/2016		3920296		1.46		15856	
07/2016		3544374		0.00		18298	
08/2016		3132231		0.00		15684	
09/2016		2811392		0.00		10104	
10/2016		2765261		13.08		3519	
11/2016		2910211		8.47		1722	
12/2016		3341580		9.97		1745	
01/2017		3546148		22.42		2071	
02/2017		3779345		25.47		1761	
03/2017		4031347		7.85		3844	
04/2017		4262821		10.29		4491	
05/2017		4353084		0.19		15910	
06/2017		4211498		0.42		15686	
07/2017		3941688		0.00		22021	
08/2017		3626594		0.08		17272	
09/2017		3381860		0.27		10760	
10/2017		3176781		0.49	 	7063	
11/2017		3221291		10.37		1648	
12/2017		3202775		0.17		2638	
01/2018		3349127		7.61		1757	
02/2018		3413598		0.27		3110	
03/2018		3879642		11.66		2769	
04/2018		4194766		4.50		7391	
05/2018		3955254		3.26		11070	
06/2018		3641799		0.00		16302	
07/2018		3146945		0.00		17411	
08/2018		2691395		0.00		13440	 
09/2018		2405109		0.26		9023	
10/2018		2191045		1.14		5062	
11/2018		2177030		10.45		2344	
12/2018		2267895		6.14		1428	
01/2019		2911539		11.40		1855	
02/2019		3947653		23.48		1694	
03/2019		4027772		24.85		2900	
04/2019		4223154		7.13		8420	
05/2019		4476827		7.55		11187	
06/2019		4355399		0.00		17705	
07/2019		 		0.00		 	
08/2019		 		 		 	
09/2019		 		 		 	
